7

-100 0 255 255 255 255
-100 0 255 255 255 255

-250 300 255 0 0 255
250 300 0 255 0 255

250 300  0 255 0 255
250 -300 0 0 255 255 

250 -300 0 0 255 255 
-250 -300 255 0 0 255 

-250 -300 255 0 0 255 
-250 300 0 0 255 255 

-30 -180 255 0 0 255
-50 -160 0 0 255 255

30 -180 255 0 255 255
50 -160 0 255 255 255

4

-160 250 255 0 0 255
-40 250 0 255 0 255
-100 80 0 0 255 255

160 250 255 0 0 255
40 250 0 255 0 255
100 80 0 0 255 255

0 100 255 255 0 255
-40 -100 255 0 255 255
40 -100 0 255 255 255

-30 -180 80 80 80 255
30 -180 160 160 160 255
0 -220 240 240 240 255
