                                             
30
-250 0 255 100 0 255 
250 0 0 70 255 255 

0 250  0 255 255 255 
0 -250 255 0 255 255 

130 0 255 255 255 255 
130 50 255 255 255 255 

160 0 255 255 255 255 
160 50 255 255 255 255 

140 0 255 255 255 255 
140 20 255 255 255 255 

150 0 255 255 255 255 
150 20 255 255 255 255 

150 20 255 255 255 255 
140 20 255 255 255 255 

160 50 255 255 255 255 
130 50 255 255 255 255 

130 50 255 255 255 255 
145 70 255 255 255 255 

145 70 255 255 255 255 
160 50 255 255 255 255 

145 70 255 255 255 255 
200 70 255 255 255 255 

160 50 255 255 255 255 
215 50 255 255 255 255 

200 70 255 255 255 255 
215 50 255 255 255 255 

215 50 255 255 255 255 
215 0 255 255 255 255 

-130 0 255 255 255 255 
-130 50 255 255 255 255 

-160 0 255 255 255 255 
-160 50 255 255 255 255 

-140 0 255 255 255 255 
-140 20 255 255 255 255 

-150 0 255 255 255 255 
-150 20 255 255 255 255 

-150 20 255 255 255 255 
-140 20 255 255 255 255 

-160 50 255 255 255 255 
-130 50 255 255 255 255 

-130 50 255 255 255 255 
-145 70 255 255 255 255 

-145 70 255 255 255 255 
-160 50 255 255 255 255 

-145 70 255 255 255 255 
-200 70 255 255 255 255 

-160 50 255 255 255 255 
-215 50 255 255 255 255 

-200 70 255 255 255 255 
-215 50 255 255 255 255 

-215 50 255 255 255 255 
-215 0 255 255 255 255 

20 30 0 255 0 255 
200 200 0 0 255 255 

-20 -30 0 255 0 255 
-200 -200 0 0 255 255 

-20 30 0 255 0 255 
-200 200 0 0 255 255 

20 -30 0 255 0 255 
200 -200 0 0 255 255 

10
20 -60 36 199 0.04 255 
20 -200 255 145 90 255 
160 -200 0 0 255 255 

180 35 255 255 255 255 
190 35 255 255 255 255 
190 30 255 255 255 255 

180 35 255 255 255 255 
180 30 255 255 255 255 
190 30 255 255 255 255 


-180 35 255 255 255 255 
-190 35 255 255 255 255 
-190 30 255 255 255 255 

-180 35 255 255 255 255 
-180 30 255 255 255 255 
-190 30 255 255 255 255 


140 55 255 255 255 255 
150 55 255 255 255 255 
145 60 255 255 255 255 

-140 55 255 255 255 255 
-150 55 255 255 255 255 
-145 60 255 255 255 255 

20 60 255 90 0 255 
20 200 0 90 145 255 
160 200 255 167 250 255 

-20 -60 96 70 33 255 
-20 -200 78 255 150 255 
-160 -200 0 0 255 255 

-20 60 255 0 0 255 
-20 200 0 255 0 255 
-160 200 0 0 255 255 
